    477 do-while
  13360 else
   4906 else-if
   6066 for
 176463 if
  95864 method
  18883 switch
   2147 while

   
   
   
   
   
   
   
   
   
 490645 Total 
 361379 0
  66497 1
    761 10
      1 105
    537 11
      1 110
      2 119
    454 12
      1 121
      2 124
    305 13
      1 137
    236 14
    186 15
    142 16
    116 17
      1 174
     99 18
     84 19
  26736 2
     76 20
     55 21
     54 22
     49 23
     34 24
     31 25
     30 26
     27 27
     28 28
     23 29
  12933 3
     12 30
     13 31
     12 32
     10 33
     10 34
      6 35
     11 36
      5 37
      7 38
     13 39
   7431 4
      8 40
      3 41
      1 42
      9 43
      4 44
      6 45
      3 46
      3 47
      1 48
   4666 5
      1 50
      1 51
      3 52
      2 53
      2 54
      1 55
      3 56
      1 57
      1 58
   2907 6
      2 60
      1 61
      3 62
      1 66
      2 68
      2 69
   2020 7
      3 70
      1 72
      1 73
      1 75
      1 76
      1 77
   1371 8
      1 80
   1057 9
      1 94
      1 97
      2 99
